[gd_scene load_steps=7 format=2]

[ext_resource path="res://Player/Player.tscn" type="PackedScene" id=1]
[ext_resource path="res://Main.gd" type="Script" id=2]
[ext_resource path="res://Level/LevelGenerator/GeneratedLevels/Level1.tscn" type="PackedScene" id=3]
[ext_resource path="res://Enemy/Enemy.tscn" type="PackedScene" id=5]
[ext_resource path="res://Spawning/Spawner.gd" type="Script" id=6]
[ext_resource path="res://Spawning/Wave.gd" type="Script" id=7]

[node name="Level" type="Spatial"]
script = ExtResource( 2 )

[node name="Player" parent="." instance=ExtResource( 1 )]
transform = Transform( -0.639962, 0, 0.768406, 0, 1, 0, -0.768406, 0, -0.639962, 6.8022, 1.42765, -7.17863 )
collision_layer = 2

[node name="DirectionalLight" type="DirectionalLight" parent="."]
transform = Transform( 0.00540057, -0.937422, 0.348153, -0.632528, 0.266457, 0.727262, -0.774519, -0.224144, -0.591506, 9, 6, 0 )
shadow_enabled = true
shadow_contact = 0.5

[node name="Camera" type="Camera" parent="."]
transform = Transform( 1, 0, 0, 0, 0.5, 0.866025, 0, -0.866025, 0.5, 0, 18, 13 )

[node name="Spawner" type="Spatial" parent="."]
script = ExtResource( 6 )
Enemy = ExtResource( 5 )

[node name="Timer" type="Timer" parent="Spawner"]

[node name="Waves" type="Node" parent="Spawner"]

[node name="Wave" type="Node" parent="Spawner/Waves"]
script = ExtResource( 7 )
num_enemies = 2

[node name="Wave2" type="Node" parent="Spawner/Waves"]
script = ExtResource( 7 )
num_enemies = 20
second_between_spawns = 0.2

[node name="Navigation" parent="." instance=ExtResource( 3 )]
[connection signal="timeout" from="Spawner/Timer" to="Spawner" method="_on_Timer_timeout"]
